tileswide 20
tileshigh 25
tilewidth 8
tileheight 8

layer 0
0,0,0,0,0,0,0,0,0,0,0,0,0,0,0,0,0,0,0,0,
0,0,0,0,0,0,0,0,0,0,0,0,0,0,0,0,0,0,0,0,
0,0,0,0,0,0,0,0,0,0,0,0,0,0,0,0,0,0,0,0,
0,0,0,0,0,0,0,0,0,0,0,0,0,0,0,0,0,0,0,0,
0,0,0,0,0,0,0,0,0,0,0,0,0,0,0,0,0,0,0,0,
0,0,0,1,2,2,2,2,2,2,2,2,2,2,2,3,0,0,0,0,
0,0,0,4,5,5,5,5,5,5,5,5,5,5,5,6,0,0,0,0,
0,0,0,1,5,5,5,5,5,5,5,5,5,5,5,3,0,0,0,0,
0,0,0,4,5,5,7,7,7,7,5,8,8,8,5,6,0,0,0,0,
0,0,0,1,5,8,7,7,7,7,9,8,8,8,5,3,0,0,0,0,
0,0,0,4,5,8,8,8,8,8,8,8,8,8,5,6,0,0,0,0,
0,0,0,1,5,8,5,7,5,5,5,7,5,5,5,3,0,0,0,0,
0,0,0,4,5,10,5,11,5,11,5,7,5,5,5,6,0,0,0,0,
0,0,0,1,5,8,5,11,12,11,9,11,5,5,5,3,0,0,0,0,
0,0,0,4,5,8,5,11,5,11,7,8,8,8,5,6,0,0,0,0,
0,0,0,1,5,8,5,7,5,5,5,8,8,8,5,3,0,0,0,0,
0,0,0,4,5,8,13,8,8,8,8,8,8,8,5,6,0,0,0,0,
0,0,0,1,5,5,5,5,5,5,5,5,5,5,5,3,0,0,0,0,
0,0,0,4,14,14,14,14,14,14,14,14,14,14,14,6,0,0,0,0,
0,0,0,0,0,0,0,0,0,0,0,0,0,0,0,0,0,0,0,0,
0,0,0,0,0,0,0,0,0,0,0,0,0,0,0,0,0,0,0,0,
0,0,0,0,0,0,0,0,0,0,0,0,0,0,0,0,0,0,0,0,
0,0,0,0,0,0,0,0,0,0,0,0,0,0,0,0,0,0,0,0,
0,0,0,0,0,0,0,0,0,0,0,0,0,0,0,0,0,0,0,0,
0,0,0,0,0,0,0,0,0,0,0,0,0,0,0,0,0,0,0,0,

